# .fd font description generated by dewinfont.

facename Tektite
copyright Portions copyright 1991,1993,1998 clySmic Software.

height 15
ascent 12
# pointsize 15

# italic no
# underline no
# strikeout no
# weight 400

# charset 0

char 0
width 9
000000000
000000000
000000000
000000000
000000000
000000000
000000000
000000000
000000000
000000000
000000000
000000000
000000000
000000000
000000000

char 1
width 9
000000000
000000000
000000000
000000000
000011000
000111100
001111110
011111111
001111110
000111100
000011000
000000000
000000000
000000000
000000000

char 2
width 9
010101010
001010101
010101010
001010101
010101010
001010101
010101010
001010101
010101010
001010101
010101010
001010101
010101010
001010101
000000000

char 3
width 9
000000000
000000000
011011000
011011000
011111000
011011000
011011000
000000000
000001111
000000110
000000110
000000110
000000000
000000000
000000000

char 4
width 9
000000000
000000000
011111000
011000000
011110000
011000000
011000000
000011111
000011000
000011110
000011000
000011000
000000000
000000000
000000000

char 5
width 9
000000000
000000000
001111000
011000000
011000000
001111000
000000000
000011110
000011011
000011110
000011011
000011011
000000000
000000000
000000000

char 6
width 9
000000000
000000000
011000000
011000000
011000000
011110000
000000000
000011111
000011000
000011110
000011000
000011000
000000000
000000000
000000000

char 7
width 9
000000000
000000000
000111100
001100110
001100110
000111100
000000000
000000000
000000000
000000000
000000000
000000000
000000000
000000000
000000000

char 8
width 9
000000000
000000000
000000000
000000000
000011000
000011000
001111110
000011000
000011000
000000000
000000000
001111110
000000000
000000000
000000000

char 9
width 9
000000000
000000000
011001100
011101100
011011100
011001100
011001100
000000000
000011000
000011000
000011000
000011111
000000000
000000000
000000000

char 10
width 9
000000000
000000000
011011000
011011000
001110000
001110000
000100000
000000000
000111111
000001100
000001100
000001100
000000000
000000000
000000000

char 11
width 9
000011000
000011000
000011000
000011000
000011000
000011000
000011000
000011000
111111000
000000000
000000000
000000000
000000000
000000000
000000000

char 12
width 9
000000000
000000000
000000000
000000000
000000000
000000000
000000000
000000000
111111000
000011000
000011000
000011000
000011000
000011000
000011000

char 13
width 9
000000000
000000000
000000000
000000000
000000000
000000000
000000000
000000000
000011111
000011000
000011000
000011000
000011000
000011000
000011000

char 14
width 9
000011000
000011000
000011000
000011000
000011000
000011000
000011000
000011000
000011111
000000000
000000000
000000000
000000000
000000000
000000000

char 15
width 9
000011000
000011000
000011000
000011000
000011000
000011000
000011000
000011000
111111111
000011000
000011000
000011000
000011000
000011000
000011000

char 16
width 9
000000000
000000000
111111111
000000000
000000000
000000000
000000000
000000000
000000000
000000000
000000000
000000000
000000000
000000000
000000000

char 17
width 9
000000000
000000000
000000000
000000000
000000000
111111111
000000000
000000000
000000000
000000000
000000000
000000000
000000000
000000000
000000000

char 18
width 9
000000000
000000000
000000000
000000000
000000000
000000000
000000000
000000000
111111111
000000000
000000000
000000000
000000000
000000000
000000000

char 19
width 9
000000000
000000000
000000000
000000000
000000000
000000000
000000000
000000000
000000000
000000000
000000000
111111111
000000000
000000000
000000000

char 20
width 9
000000000
000000000
000000000
000000000
000000000
000000000
000000000
000000000
000000000
000000000
000000000
000000000
000000000
000000000
111111111

char 21
width 9
000011000
000011000
000011000
000011000
000011000
000011000
000011000
000011000
000011111
000011000
000011000
000011000
000011000
000011000
000011000

char 22
width 9
000011000
000011000
000011000
000011000
000011000
000011000
000011000
000011000
111111000
000011000
000011000
000011000
000011000
000011000
000011000

char 23
width 9
000011000
000011000
000011000
000011000
000011000
000011000
000011000
000011000
111111111
000000000
000000000
000000000
000000000
000000000
000000000

char 24
width 9
000000000
000000000
000000000
000000000
000000000
000000000
000000000
000000000
111111111
000011000
000011000
000011000
000011000
000011000
000011000

char 25
width 9
000011000
000011000
000011000
000011000
000011000
000011000
000011000
000011000
000011000
000011000
000011000
000011000
000011000
000011000
000011000

char 26
width 9
000000000
000000000
000000000
000001100
000011000
000110000
001100000
000110000
000011000
000001100
000000000
001111110
000000000
000000000
000000000

char 27
width 9
000000000
000000000
000000000
000110000
000011000
000001100
000000110
000001100
000011000
000110000
000000000
001111110
000000000
000000000
000000000

char 28
width 9
000000000
000000000
000000000
000000000
000000011
001111110
011100110
001100110
001100110
001100110
001100110
001000100
000000000
000000000
000000000

char 29
width 9
000000000
000000000
000000000
000000110
000001100
011111111
000011000
000010000
011111111
000100000
001100000
000000000
000000000
000000000
000000000

char 30
width 9
000000000
000000000
000111100
001100110
001100000
011111000
001100000
011111000
001100000
001100000
001100011
001111110
000000000
000000000
000000000

char 31
width 9
000000000
000000000
000000000
000000000
000000000
000000000
000000000
000011000
000011000
000000000
000000000
000000000
000000000
000000000
000000000

char 32
width 9
000000000
000000000
000000000
000000000
000000000
000000000
000000000
000000000
000000000
000000000
000000000
000000000
000000000
000000000
000000000

char 33
width 9
000000000
000000000
000011000
000011000
000011000
000011000
000011000
000011000
000011000
000000000
000011000
000011000
000000000
000000000
000000000

char 34
width 9
000000000
000000000
000110011
001100110
011001100
000000000
000000000
000000000
000000000
000000000
000000000
000000000
000000000
000000000
000000000

char 35
width 9
000000000
000000000
000110011
000110011
011111111
001100110
001100110
001100110
001100110
011111111
011001100
011001100
000000000
000000000
000000000

char 36
width 9
000000000
000011000
001111110
011011011
011011000
001111000
000011100
000011110
000011011
011011011
011011011
001111110
000011000
000000000
000000000

char 37
width 9
000000000
000000000
001100000
011010001
010110011
001100110
000001100
000011000
000110110
001101101
011001011
000000110
000000000
000000000
000000000

char 38
width 9
000000000
000000000
000011100
000110110
001100110
000111100
000111000
001101100
011000111
011000110
001101110
000111011
000000000
000000000
000000000

char 39
width 9
000000000
000000000
000001100
000011000
000110000
000000000
000000000
000000000
000000000
000000000
000000000
000000000
000000000
000000000
000000000

char 40
width 9
000000000
000001100
000011000
000110000
000110000
001100000
001100000
001100000
001100000
000110000
000110000
000011000
000001100
000000000
000000000

char 41
width 9
000000000
000110000
000011000
000001100
000001100
000000110
000000110
000000110
000000110
000001100
000001100
000011000
000110000
000000000
000000000

char 42
width 9
000000000
000000000
000000000
000000000
000000000
001100110
000111100
011111111
000111100
001100110
000000000
000000000
000000000
000000000
000000000

char 43
width 9
000000000
000000000
000000000
000000000
000000000
000011000
000011000
001111110
000011000
000011000
000000000
000000000
000000000
000000000
000000000

char 44
width 9
000000000
000000000
000000000
000000000
000000000
000000000
000000000
000000000
000000000
000000000
000001100
000011000
000110000
000000000
000000000

char 45
width 9
000000000
000000000
000000000
000000000
000000000
000000000
000000000
001111110
000000000
000000000
000000000
000000000
000000000
000000000
000000000

char 46
width 9
000000000
000000000
000000000
000000000
000000000
000000000
000000000
000000000
000000000
000000000
000011000
000011000
000000000
000000000
000000000

char 47
width 9
000000000
000000000
000000110
000000100
000001100
000001000
000011000
000010000
000110000
000100000
001100000
001000000
011000000
000000000
000000000

char 48
width 9
000000000
000000000
000111110
001100011
011000111
011001111
011011011
011110011
011100011
011000011
011000110
001111100
000000000
000000000
000000000

char 49
width 9
000000000
000000000
000001100
000011100
000111100
001101100
000001100
000001100
000001100
000001100
000001100
000001100
000000000
000000000
000000000

char 50
width 9
000000000
000000000
000111110
001100011
011000011
000000011
000000110
000001100
000011000
000110000
001100011
011111111
000000000
000000000
000000000

char 51
width 9
000000000
000000000
011111111
011000110
000001100
000011000
000111110
000000011
000000011
011000011
011000110
001111100
000000000
000000000
000000000

char 52
width 9
000000000
000000000
000000110
000001110
000011110
000110110
001100110
011000111
011011110
011110110
000000110
000000110
000000000
000000000
000000000

char 53
width 9
000000000
000000000
000011111
011110000
011000000
011011100
011110110
000000011
000000011
011000011
011000110
001111100
000000000
000000000
000000000

char 54
width 9
000000000
000000000
000111100
001100110
011000110
011000000
011011100
011110110
011000110
011000110
011001100
001111000
000000000
000000000
000000000

char 55
width 9
000000000
000000000
011111111
011000011
000000110
000001100
000001100
000011000
000011000
000110000
000110000
000110000
000000000
000000000
000000000

char 56
width 9
000000000
000000000
000111100
001100110
011000110
001101100
000111110
001100011
011000011
011000011
011000110
001111100
000000000
000000000
000000000

char 57
width 9
000000000
000000000
000111100
001100110
011000110
011000110
011011110
001110110
000000110
011000110
011001100
001111000
000000000
000000000
000000000

char 58
width 9
000000000
000000000
000000000
000000000
000011000
000011000
000000000
000000000
000000000
000011000
000011000
000000000
000000000
000000000
000000000

char 59
width 9
000000000
000000000
000000000
000000000
000011000
000011000
000000000
000000000
000000000
000011000
000011000
000110000
000000000
000000000
000000000

char 60
width 9
000000000
000000000
000000110
000001100
000011000
000110000
001100000
001100000
000110000
000011000
000001100
000000110
000000000
000000000
000000000

char 61
width 9
000000000
000000000
000000000
000000000
000000000
011111111
000000000
000000000
011111111
000000000
000000000
000000000
000000000
000000000
000000000

char 62
width 9
000000000
000000000
001100000
000110000
000011000
000001100
000000110
000000110
000001100
000011000
000110000
001100000
000000000
000000000
000000000

char 63
width 9
000000000
000000000
000111110
001100011
011000110
000001100
000011000
000110000
000110000
000000000
000110000
000110000
000000000
000000000
000000000

char 64
width 9
000000000
000000000
000011110
000110011
001101111
011011011
011011011
011011011
011011110
011011000
011000110
011011100
001110000
000000000
000000000

char 65
width 9
000000000
000000000
000011000
000011000
000111100
000100100
001100110
001101110
001111010
011100011
011000011
011000011
000000000
000000000
000000000

char 66
width 9
000000000
000000000
000011110
000110011
011100011
011000110
011011100
011110111
011000011
011000110
011011100
011110000
000000000
000000000
000000000

char 67
width 9
000000000
000000000
000011110
000110011
001100000
011000000
011000000
011000000
011000000
011000000
001100011
000111110
000000000
000000000
000000000

char 68
width 9
000000000
000000000
011111100
011000110
011000011
011000011
011000011
011000011
011000011
011000110
011011100
011110000
000000000
000000000
000000000

char 69
width 9
000000000
000000000
000011110
011110000
011000000
011000000
011011100
011110000
011000000
011000000
011011110
011110000
000000000
000000000
000000000

char 70
width 9
000000000
000000000
000011110
011110000
011000000
011000000
011011100
011110000
011000000
011000000
011000000
011000000
000000000
000000000
000000000

char 71
width 9
000000000
000000000
000111110
001100011
011000000
011000000
011000000
011001111
011000011
011000011
001100110
000111100
000000000
000000000
000000000

char 72
width 9
000000000
000000000
011000011
011000011
011000011
011000011
011001111
011111011
011000011
011000011
011000011
011000011
000000000
000000000
000000000

char 73
width 9
000000000
000000000
000011100
000111000
000011000
000011000
000011000
000011000
000011000
000011000
000011100
000111000
000000000
000000000
000000000

char 74
width 9
000000000
000000000
000000011
000000011
000000011
000000011
000000011
000000011
011000011
011000011
001100011
000111110
000000000
000000000
000000000

char 75
width 9
000000000
000000000
011000011
011000110
011011100
011110000
011100000
011110000
011011000
011001100
011000110
011000011
000000000
000000000
000000000

char 76
width 9
000000000
000000000
011000000
011000000
011000000
011000000
011000000
011000000
011000000
011000000
011011110
011110000
000000000
000000000
000000000

char 77
width 9
000000000
000000000
011000011
011000011
011100111
011101111
011111011
011010011
011000011
011000011
011000011
011000011
000000000
000000000
000000000

char 78
width 9
000000000
000000000
011000011
011000011
011100011
011110011
011010011
011011011
011001111
011000111
011000011
011000011
000000000
000000000
000000000

char 79
width 9
000000000
000000000
000111110
001100011
011000011
011000011
011000011
011000011
011000011
011000011
011000110
001111100
000000000
000000000
000000000

char 80
width 9
000000000
000000000
000011110
000110011
011100011
011000011
011000110
011011100
011110000
011000000
011000000
011000000
000000000
000000000
000000000

char 81
width 9
000000000
000000000
000111110
001100011
011000011
011000011
011000011
011000011
011110011
011011110
011001100
001111100
000000110
000000011
000000000

char 82
width 9
000000000
000000000
000011110
000110011
011100011
011000011
011000110
011111100
011011000
011001100
011000110
011000011
000000000
000000000
000000000

char 83
width 9
000000000
000000000
001111110
011000011
011000000
001110000
000011100
000000110
000000011
011000011
011000011
001111110
000000000
000000000
000000000

char 84
width 9
000000000
000000000
000001111
011111000
000011000
000011000
000011000
000011000
000011000
000011000
000011000
000011000
000000000
000000000
000000000

char 85
width 9
000000000
000000000
011000011
011000011
011000011
011000011
011000011
011000011
011000110
011000110
011001100
001111000
000000000
000000000
000000000

char 86
width 9
000000000
000000000
011000011
011000011
011000011
011000011
001100110
001100110
001111100
000111000
000110000
000110000
000000000
000000000
000000000

char 87
width 9
000000000
000000000
011000011
011000011
011000011
011000011
011011011
011011011
011011011
011111111
011100111
011000011
000000000
000000000
000000000

char 88
width 9
000000000
000000000
011000011
011000011
001100110
001100110
000111100
000111100
001100110
001100110
011000011
011000011
000000000
000000000
000000000

char 89
width 9
000000000
000000000
011000011
011000011
001100110
001100110
000111100
000011000
000011000
000011000
000011000
000011000
000000000
000000000
000000000

char 90
width 9
000000000
000000000
000011111
011110110
000000100
000001100
000011000
000010000
000110000
000100000
001101111
011111000
000000000
000000000
000000000

char 91
width 9
000000000
000111110
000110000
000110000
000110000
000110000
000110000
000110000
000110000
000110000
000110000
000110000
000111110
000000000
000000000

char 92
width 9
000000000
000000000
011000000
001000000
001100000
000100000
000110000
000010000
000011000
000001000
000001100
000000100
000000110
000000000
000000000

char 93
width 9
000000000
001111100
000001100
000001100
000001100
000001100
000001100
000001100
000001100
000001100
000001100
000001100
001111100
000000000
000000000

char 94
width 9
000000000
000011000
000111100
001100110
011000000
000000000
000000000
000000000
000000000
000000000
000000000
000000000
000000000
000000000
000000000

char 95
width 9
000000000
000000000
000000000
000000000
000000000
000000000
000000000
000000000
000000000
000000000
000000000
000000000
000000000
011111111
000000000

char 96
width 9
000000000
000000000
000110000
000011000
000001100
000000000
000000000
000000000
000000000
000000000
000000000
000000000
000000000
000000000
000000000

char 97
width 9
000000000
000000000
000000000
000000000
000000000
000111110
001100011
000011111
001110011
011000011
011001111
001111011
000000000
000000000
000000000

char 98
width 9
000000000
000000000
011000000
011000000
011000000
011011100
011110110
011000011
011000011
011000110
011011100
011110000
000000000
000000000
000000000

char 99
width 9
000000000
000000000
000000000
000000000
000000000
000011110
000110011
001100000
011000000
011000000
011000011
001111110
000000000
000000000
000000000

char 100
width 9
000000000
000000000
000000011
000000011
000000011
000011111
001110011
011000011
011000111
011001111
011011011
001110011
000000000
000000000
000000000

char 101
width 9
000000000
000000000
000000000
000000000
000000000
000111110
001100011
011001110
011111000
011000000
011000011
001111110
000000000
000000000
000000000

char 102
width 9
000000000
000000000
000011110
000110011
000110000
000110000
000111100
011110000
000110000
000110000
000110000
000110000
000000000
000000000
000000000

char 103
width 9
000000000
000000000
000000000
000000000
000000000
000111111
001100011
011000011
011000111
011001111
011011011
001110011
000000011
011000011
001111110

char 104
width 9
000000000
000000000
011000000
011000000
011000000
011001110
011011011
011110011
011100011
011000011
011000011
011000011
000000000
000000000
000000000

char 105
width 9
000000000
000000000
000011000
000011000
000000000
000011000
000011000
000011000
000011000
000011000
000011000
000011000
000000000
000000000
000000000

char 106
width 9
000000000
000000000
000001100
000001100
000000000
000001100
000001100
000001100
000001100
000001100
000001100
000001100
011001100
011001100
001111000

char 107
width 9
000000000
000000000
011000000
011000000
011000000
011000110
011001100
011011000
011111000
011101100
011000110
011000011
000000000
000000000
000000000

char 108
width 9
000000000
000000000
000111000
000011000
000011000
000011000
000011000
000011000
000011000
000011000
000011000
000011000
000000000
000000000
000000000

char 109
width 9
000000000
000000000
000000000
000000000
000000000
011100110
011011011
011011011
011011011
011000011
011000011
011000011
000000000
000000000
000000000

char 110
width 9
000000000
000000000
000000000
000000000
000000000
011001110
011011011
011110011
011100011
011000011
011000011
011000011
000000000
000000000
000000000

char 111
width 9
000000000
000000000
000000000
000000000
000000000
000111110
001100011
011000011
011000011
011000011
011000110
001111100
000000000
000000000
000000000

char 112
width 9
000000000
000000000
000000000
000000000
000000000
011001110
011011011
011110011
011100011
011000011
011000110
011111100
011000000
011000000
011000000

char 113
width 9
000000000
000000000
000000000
000000000
000000000
001110011
011011011
011001111
011000111
011000011
001100011
000111111
000000011
000000011
000000011

char 114
width 9
000000000
000000000
000000000
000000000
000000000
011001110
011011011
011110011
011100000
011000000
011000000
011000000
000000000
000000000
000000000

char 115
width 9
000000000
000000000
000000000
000000000
000000000
001111110
011000011
001110000
000011110
000000011
011000011
001111110
000000000
000000000
000000000

char 116
width 9
000000000
000000000
000010000
000110000
000110000
000111100
011110000
000110000
000110000
000110110
000111100
000011000
000000000
000000000
000000000

char 117
width 9
000000000
000000000
000000000
000000000
000000000
011000011
011000011
011000011
011000111
011001111
011011011
001110011
000000000
000000000
000000000

char 118
width 9
000000000
000000000
000000000
000000000
000000000
011000011
011000011
011000011
001100110
001101100
000111000
000011000
000000000
000000000
000000000

char 119
width 9
000000000
000000000
000000000
000000000
000000000
011000011
011000011
011000011
011011011
011011011
011111111
011000011
000000000
000000000
000000000

char 120
width 9
000000000
000000000
000000000
000000000
000000000
011000011
001100110
000111100
000011000
000111100
001100110
011000011
000000000
000000000
000000000

char 121
width 9
000000000
000000000
000000000
000000000
000000000
011000011
011000011
011000011
011000011
011000011
001100110
000111110
000001100
011011000
001110000

char 122
width 9
000000000
000000000
000000000
000000000
000000000
011111111
000000110
000001100
000011000
000110000
001100000
011111111
000000000
000000000
000000000

char 123
width 9
000000000
000001110
000011000
000011000
000011000
000011000
001110000
001110000
000011000
000011000
000011000
000011000
000001110
000000000
000000000

char 124
width 9
000000000
000011000
000011000
000011000
000011000
000011000
000011000
000011000
000011000
000011000
000011000
000011000
000011000
000000000
000000000

char 125
width 9
000000000
001110000
000011000
000011000
000011000
000011000
000001110
000001110
000011000
000011000
000011000
000011000
001110000
000000000
000000000

char 126
width 9
000000000
000000000
000000000
000000000
000000000
000000000
001110110
011011100
000000000
000000000
000000000
000000000
000000000
000000000
000000000

char 127
width 9
000000000
000000000
000000000
000000000
000000000
000000000
000000000
000000000
000000000
000000000
000000000
000000000
000000000
000000000
000000000

char 128
width 9
000000000
000000000
000011110
000110011
001100000
011111100
001100000
011111100
001100000
001100000
001100011
000111110
000000000
000000000
000000000

char 129
width 9
000000000
000000000
000000000
000000000
000000000
000000000
000000000
000000000
000000000
000000000
000000000
000000000
000000000
000000000
000000000

char 130
width 9
000000000
000000000
000000000
000000000
000000000
000000000
000000000
000000000
000000000
000000000
000011100
000011000
000110000
000000000
000000000

char 131
width 9
000000000
000000000
000000110
000001111
000001100
000001100
001111111
000011000
000011000
000011000
000110000
000110000
011110000
001100000
000000000

char 132
width 9
000000000
000000000
000000000
000000000
000000000
000000000
000000000
000000000
000000000
000000000
001110111
001100110
011001100
000000000
000000000

char 133
width 9
000000000
000000000
000000000
000000000
000000000
000000000
000000000
000000000
000000000
000000000
011011011
011011011
000000000
000000000
000000000

char 134
width 9
000000000
000011000
000011000
000011000
011111111
000011000
000011000
000011000
000011000
000011000
000011000
000011000
000011000
000000000
000000000

char 135
width 9
000000000
000011000
000011000
000011000
011111111
000011000
000011000
000011000
000011000
011111111
000011000
000011000
000011000
000000000
000000000

char 136
width 9
000001100
000011110
000110011
001100000
000000000
000000000
000000000
000000000
000000000
000000000
000000000
000000000
000000000
000000000
000000000

char 137
width 9
000000000
000000000
001100000
011010010
010110110
001101100
000011000
000110000
001101010
011010101
110010101
000001010
000000000
000000000
000000000

char 138
width 9
001101100
000111000
001111110
011000011
011000000
001110000
000011100
000000110
000000011
011000011
011000011
001111110
000000000
000000000
000000000

char 139
width 9
000000000
000000000
000000000
000000000
000000110
000001100
000011000
000110000
000110000
000011000
000001100
000000000
000000000
000000000
000000000

char 140
width 9
000000000
000000000
001111111
011001110
011001100
011001100
011001111
011001110
011001100
011001100
011011111
001111110
000000000
000000000
000000000

char 141
width 9
000000000
000000000
000000000
000000000
000000000
000000000
000000000
000000000
000000000
000000000
000000000
000000000
000000000
000000000
000000000

char 142
width 9
001101100
000111000
000011111
011110110
000000100
000001100
000011000
000010000
000110000
000100000
001101111
011111000
000000000
000000000
000000000

char 143
width 9
000000000
000000000
000000000
000000000
000000000
000000000
000000000
000000000
000000000
000000000
000000000
000000000
000000000
000000000
000000000

char 144
width 9
000000000
000000000
000000000
000000000
000000000
000000000
000000000
000000000
000000000
000000000
000000000
000000000
000000000
000000000
000000000

char 145
width 9
000000000
000000000
000001100
000011000
000111000
000000000
000000000
000000000
000000000
000000000
000000000
000000000
000000000
000000000
000000000

char 146
width 9
000000000
000000000
000011100
000011000
000110000
000000000
000000000
000000000
000000000
000000000
000000000
000000000
000000000
000000000
000000000

char 147
width 9
000000000
000000000
000110011
001100110
011101110
000000000
000000000
000000000
000000000
000000000
000000000
000000000
000000000
000000000
000000000

char 148
width 9
000000000
000000000
001110111
001100110
011001100
000000000
000000000
000000000
000000000
000000000
000000000
000000000
000000000
000000000
000000000

char 149
width 9
000000000
000000000
000000000
000000000
000000000
000000000
000011000
000111100
000111100
000111100
000011000
000000000
000000000
000000000
000000000

char 150
width 9
000000000
000000000
000000000
000000000
000000000
000000000
000000000
001111110
000000000
000000000
000000000
000000000
000000000
000000000
000000000

char 151
width 9
000000000
000000000
000000000
000000000
000000000
000000000
000000000
011111111
000000000
000000000
000000000
000000000
000000000
000000000
000000000

char 152
width 9
000000000
000000011
001110110
011011100
000000000
000000000
000000000
000000000
000000000
000000000
000000000
000000000
000000000
000000000
000000000

char 153
width 9
000000000
000000000
011111011
001010101
001010001
001010001
000000000
000000000
000000000
000000000
000000000
000000000
000000000
000000000
000000000

char 154
width 9
000000000
000000000
001101100
000111000
000000000
001111110
011000011
001110000
000011110
000000011
011000011
001111110
000000000
000000000
000000000

char 155
width 9
000000000
000000000
000000000
000000000
000000000
000110000
000011000
000001100
000001100
000011000
000110000
001100000
000000000
000000000
000000000

char 156
width 9
000000000
000000000
000000000
000000000
000000000
001111110
011011011
011011011
011011110
011011100
011011011
001101110
000000000
000000000
000000000

char 157
width 9
000000000
000000000
000000000
000000000
000000000
000000000
000000000
000000000
000000000
000000000
000000000
000000000
000000000
000000000
000000000

char 158
width 9
000000000
000000000
001101100
000111000
000000000
011111111
000000110
000001100
000011000
000110000
001100000
011111111
000000000
000000000
000000000

char 159
width 9
001100110
001100110
000000000
011000011
011000011
001100110
001100110
000111100
000011000
000011000
000011000
000011000
000000000
000000000
000000000

char 160
width 9
000000000
000000000
000000000
000000000
000000000
000000000
000000000
000000000
000000000
000000000
000000000
000000000
000000000
000000000
000000000

char 161
width 9
000000000
000000000
000011000
000011000
000000000
000011000
000011000
000011000
000011000
000011000
000011000
000011000
000000000
000000000
000000000

char 162
width 9
000000000
000000000
000000000
000001000
000001000
000011110
000111011
001101000
011001000
011001000
011001011
001111110
000001000
000001000
000000000

char 163
width 9
000000000
000000000
000111100
001100110
001100000
011111000
001100000
011111000
001100000
001100000
001100011
001111110
000000000
000000000
000000000

char 164
width 9
000000000
000000000
000000000
011000011
001111110
000110110
001100110
001100110
001101100
001111110
011000011
000000000
000000000
000000000
000000000

char 165
width 9
000000000
000000000
011000011
011000011
001100110
001100110
000111100
000011000
001111110
000011000
001111110
000011000
000011000
000000000
000000000

char 166
width 9
000000000
000011000
000011000
000011000
000011000
000011000
000000000
000000000
000011000
000011000
000011000
000011000
000011000
000000000
000000000

char 167
width 9
000000000
000000000
000111110
001100000
001111100
000110110
001100110
001100110
001101100
000111110
000000110
001111100
000000000
000000000
000000000

char 168
width 9
001100110
001100110
000000000
000000000
000000000
000000000
000000000
000000000
000000000
000000000
000000000
000000000
000000000
000000000
000000000

char 169
width 9
000000000
000000000
000000000
000111110
001000001
010011101
010100001
010100001
010100101
010011001
010000010
001111100
000000000
000000000
000000000

char 170
width 9
000000000
000000000
000111110
001100011
000011111
001110011
011000011
011001111
001111011
000000000
000000000
011111111
000000000
000000000
000000000

char 171
width 9
000000000
000000000
000000000
000000000
000000011
000110110
001101100
011011000
011011000
001101100
000110110
000000000
000000000
000000000
000000000

char 172
width 9
000000000
000000000
000000000
000000000
000000000
000000000
011111110
000000110
000000110
000000110
000000000
000000000
000000000
000000000
000000000

char 173
width 9
000000000
000000000
000000000
000000000
000000000
000000000
000000000
001111110
000000000
000000000
000000000
000000000
000000000
000000000
000000000

char 174
width 9
000000000
000000000
000000000
000111110
001000001
010011101
010100101
010111001
010100101
010100101
010000010
001111100
000000000
000000000
000000000

char 175
width 9
000000000
000000000
000000000
001111110
000000000
000000000
000000000
000000000
000000000
000000000
000000000
000000000
000000000
000000000
000000000

char 176
width 9
000000000
000000000
000111100
001100110
001100110
000111100
000000000
000000000
000000000
000000000
000000000
000000000
000000000
000000000
000000000

char 177
width 9
000000000
000000000
000000000
000000000
000011000
000011000
001111110
000011000
000011000
000000000
000000000
001111110
000000000
000000000
000000000

char 178
width 9
000000000
000000000
001111000
011001100
000011000
000110000
001100100
011111100
000000000
000000000
000000000
000000000
000000000
000000000
000000000

char 179
width 9
000000000
000000000
011111100
000001100
000111000
000001100
011001100
001111000
000000000
000000000
000000000
000000000
000000000
000000000
000000000

char 180
width 9
000001100
000011000
000110000
000000000
000000000
000000000
000000000
000000000
000000000
000000000
000000000
000000000
000000000
000000000
000000000

char 181
width 9
000000000
000000000
000000000
000000000
000000000
001100011
001100011
001100011
001100011
001100111
001101111
001111011
001100000
001100000
011000000

char 182
width 9
000000000
000000000
001111100
011111111
011111011
011111011
001111011
000111011
000011111
000011011
000011011
000011011
000000000
000000000
000000000

char 183
width 9
000000000
000000000
000000000
000000000
000000000
000000000
000011000
000111100
000111100
000011000
000000000
000000000
000000000
000000000
000000000

char 184
width 9
000000000
000000000
000000000
000000000
000000000
000000000
000000000
000000000
000000000
000000000
000000000
000000000
000001100
000011000
011110000

char 185
width 9
000000000
000000000
000110000
001110000
000110000
000110000
000110000
000110000
000000000
000000000
000000000
000000000
000000000
000000000
000000000

char 186
width 9
000000000
000000000
000111110
001100011
011000011
011000011
011000011
011000110
001111100
000000000
000000000
011111111
000000000
000000000
000000000

char 187
width 9
000000000
000000000
000000000
000000000
000000000
001101100
000110110
000011011
000011011
000110110
001101100
011000000
000000000
000000000
000000000

char 188
width 9
000000000
001100000
011100001
001100011
001100110
001101100
000011000
000110000
001100110
011001110
010010111
000111110
000000110
000000110
000000000

char 189
width 9
000000000
001100000
011100001
001100011
001100110
001101100
000011000
000110000
001100000
011001110
010011011
000000110
000001101
000011111
000000000

char 190
width 9
000000000
011100000
000110001
001100011
000110110
011101100
000011000
000110000
001100110
011001110
010010111
000111110
000000110
000000110
000000000

char 191
width 9
000000000
000000000
000001100
000001100
000000000
000001100
000001100
000011000
000110000
001100011
011000110
001111100
000000000
000000000
000000000

char 192
width 9
000110000
000011000
000001100
000011000
000111100
000100100
001100110
001100110
001111110
011000011
011000011
011000011
000000000
000000000
000000000

char 193
width 9
000001100
000011000
000110000
000011000
000111100
000100100
001100110
001100110
001111110
011000011
011000011
011000011
000000000
000000000
000000000

char 194
width 9
000011000
000111100
001100000
000011000
000111100
000100100
001100110
001100110
001111110
011000011
011000011
011000011
000000000
000000000
000000000

char 195
width 9
000000011
001110110
011011100
000011000
000111100
000100100
001100110
001100110
001111110
011000011
011000011
011000011
000000000
000000000
000000000

char 196
width 9
001100110
001100110
000011000
000011000
000111100
000100100
001100110
001100110
001111110
011000011
011000011
011000011
000000000
000000000
000000000

char 197
width 9
000011000
000100100
000100100
000011000
000111100
000100100
001100110
001100110
001111110
011000011
011000011
011000011
000000000
000000000
000000000

char 198
width 9
000000000
000000000
000111111
000111110
000111100
001101100
001101111
001101110
001111100
011001100
011001111
011001110
000000000
000000000
000000000

char 199
width 9
000000000
000000000
000011110
000110011
001100000
011000000
011000000
011000000
011000000
011000000
001100011
000111110
000001100
000011000
011110000

char 200
width 9
001100000
000110000
000011000
000011110
011110000
011000000
011011110
011110000
011000000
011000000
011011110
011110000
000000000
000000000
000000000

char 201
width 9
000011000
000110000
001100000
000011110
011110000
011000000
011011110
011110000
011000000
011000000
011011110
011110000
000000000
000000000
000000000

char 202
width 9
000011000
000111100
001100000
000011110
011110000
011000000
011011110
011110000
011000000
011000000
011011110
011110000
000000000
000000000
000000000

char 203
width 9
001100110
001100110
000000000
000011110
011110000
011000000
011011110
011110000
011000000
011000000
011011110
011110000
000000000
000000000
000000000

char 204
width 9
000110000
000011000
000001100
000011100
000111000
000011000
000011000
000011000
000011000
000011000
000011100
000111000
000000000
000000000
000000000

char 205
width 9
000001100
000011000
000110000
000011100
000111000
000011000
000011000
000011000
000011000
000011000
000011100
000111000
000000000
000000000
000000000

char 206
width 9
000011000
000111100
001100000
000011100
000111000
000011000
000011000
000011000
000011000
000011000
000011100
000111000
000000000
000000000
000000000

char 207
width 9
001100110
001100110
000000000
000011100
000111000
000011000
000011000
000011000
000011000
000011000
000011100
000111000
000000000
000000000
000000000

char 208
width 9
000000000
000000000
001111100
001100110
001100011
001100011
011110011
001100011
001100011
001100110
001111100
001110000
000000000
000000000
000000000

char 209
width 9
000000011
001110110
011011100
000000000
011000011
011100011
011110011
011010011
011011011
011001111
011000111
011000011
000000000
000000000
000000000

char 210
width 9
000110000
000011000
000000000
000111110
001100011
011000011
011000011
011000011
011000011
011000011
011000110
001111100
000000000
000000000
000000000

char 211
width 9
000001100
000011000
000000000
000111110
001100011
011000011
011000011
011000011
011000011
011000011
011000110
001111100
000000000
000000000
000000000

char 212
width 9
000011000
000111100
001100000
000111110
001100011
011000011
011000011
011000011
011000011
011000011
011000110
001111100
000000000
000000000
000000000

char 213
width 9
000000011
001110110
011011100
000111110
001100011
011000011
011000011
011000011
011000011
011000011
011000110
001111100
000000000
000000000
000000000

char 214
width 9
001100110
001100110
000000000
000111110
001100011
011000011
011000011
011000011
011000011
011000011
011000110
001111100
000000000
000000000
000000000

char 215
width 9
000000000
000000000
000000000
000000000
000000000
001100110
000111100
000011000
000111100
001100110
000000000
000000000
000000000
000000000
000000000

char 216
width 9
000000000
000000110
000111110
001100111
011001111
011001011
011011011
011010011
011010011
011110011
011100110
001111100
001100000
000000000
000000000

char 217
width 9
000110000
000011000
000001100
011000011
011000011
011000011
011000011
011000011
011000110
011000110
011001100
001111000
000000000
000000000
000000000

char 218
width 9
000001100
000011000
000110000
011000011
011000011
011000011
011000011
011000011
011000110
011000110
011001100
001111000
000000000
000000000
000000000

char 219
width 9
000011000
000111100
001100000
000000011
011000011
011000011
011000011
011000011
011000110
011000110
011001100
001111000
000000000
000000000
000000000

char 220
width 9
001100110
001100110
000000000
011000011
011000011
011000011
011000011
011000011
011000110
011000110
011001100
001111000
000000000
000000000
000000000

char 221
width 9
000001100
000011000
000110000
011000011
011000011
001100110
001100110
000111100
000011000
000011000
000011000
000011000
000000000
000000000
000000000

char 222
width 9
000000000
000000000
011000000
011000000
011011110
011110011
011000011
011000011
011000110
011111100
011000000
011000000
000000000
000000000
000000000

char 223
width 9
000000000
000000000
000011110
000110011
011100011
011000010
011001100
011000010
011000011
011000011
011001110
011011000
000000000
000000000
000000000

char 224
width 9
000000000
000110000
000011000
000001100
000000000
000111110
001100011
000011111
001110011
011000011
011001111
001111011
000000000
000000000
000000000

char 225
width 9
000000000
000000110
000001100
000011000
000000000
000111110
001100011
000011111
001110011
011000011
011001111
001111011
000000000
000000000
000000000

char 226
width 9
000001100
000011110
000110011
001100000
000000000
000111110
001100011
000011111
001110011
011000011
011001111
001111011
000000000
000000000
000000000

char 227
width 9
000000000
000000011
001110110
011011100
000000000
000111110
001100011
000011111
001110011
011000011
011001111
001111011
000000000
000000000
000000000

char 228
width 9
000000000
000000000
000110110
000110110
000000000
000111110
001100011
000011111
001110011
011000011
011001111
001111011
000000000
000000000
000000000

char 229
width 9
000011100
000110110
000110110
000011100
000000000
000111110
001100011
000011111
001110011
011000011
011001111
001111011
000000000
000000000
000000000

char 230
width 9
000000000
000000000
000000000
000000000
000000000
001111110
011011011
000111011
001111110
011011100
011011011
001101110
000000000
000000000
000000000

char 231
width 9
000000000
000000000
000000000
000000000
000000000
000011110
000110011
001100000
011000000
011000000
011000011
001111110
000001100
000011000
011110000

char 232
width 9
000000000
001100000
000110000
000011000
000000000
000111110
001100011
011001110
011111000
011000000
011000011
001111110
000000000
000000000
000000000

char 233
width 9
000000000
000000110
000001100
000011000
000000000
000111110
001100011
011001110
011111000
011000000
011000011
001111110
000000000
000000000
000000000

char 234
width 9
000011000
000111100
001100110
011000000
000000000
000111110
001100011
011001110
011111000
011000000
011000011
001111110
000000000
000000000
000000000

char 235
width 9
000000000
000000000
001100110
001100110
000000000
000111110
001100011
011001110
011111000
011000000
011000011
001111110
000000000
000000000
000000000

char 236
width 9
000000000
001100000
000110000
000011000
000000000
000011000
000011000
000011000
000011000
000011000
000011000
000011000
000000000
000000000
000000000

char 237
width 9
000000000
000000110
000001100
000011000
000000000
000011000
000011000
000011000
000011000
000011000
000011000
000011000
000000000
000000000
000000000

char 238
width 9
000011000
000111100
001100110
011000000
000000000
000011000
000011000
000011000
000011000
000011000
000011000
000011000
000000000
000000000
000000000

char 239
width 9
000000000
000000000
001100110
001100110
000000000
000011000
000011000
000011000
000011000
000011000
000011000
000011000
000000000
000000000
000000000

char 240
width 9
000000000
001100000
000111100
001111000
000001100
000111110
001100011
011000011
011000011
011000011
011000110
001111100
000000000
000000000
000000000

char 241
width 9
000000000
000000011
001110110
011011100
000000000
011001110
011011011
011110011
011100011
011000011
011000011
011000011
000000000
000000000
000000000

char 242
width 9
000000000
001100000
000110000
000011000
000000000
000111110
001100011
011000011
011000011
011000011
011000110
001111100
000000000
000000000
000000000

char 243
width 9
000000000
000000110
000001100
000011000
000000000
000111110
001100011
011000011
011000011
011000011
011000110
001111100
000000000
000000000
000000000

char 244
width 9
000011000
000111100
001100110
011000000
000000000
000111110
001100011
011000011
011000011
011000011
011000110
001111100
000000000
000000000
000000000

char 245
width 9
000000000
000000011
001110110
011011100
000000000
000111110
001100011
011000011
011000011
011000011
011000110
001111100
000000000
000000000
000000000

char 246
width 9
000000000
000000000
001100110
001100110
000000000
000111110
001100011
011000011
011000011
011000011
011000110
001111100
000000000
000000000
000000000

char 247
width 9
000000000
000000000
000000000
000000000
000011000
000011000
000000000
011111111
000000000
000011000
000011000
000000000
000000000
000000000
000000000

char 248
width 9
000000000
000000000
000000000
000000000
000000110
000111110
001101111
011001011
011011011
011010011
011110110
001111100
001100000
000000000
000000000

char 249
width 9
000000000
001100000
000110000
000011000
000000000
011000011
011000011
011000011
011000111
011001111
011011011
001110011
000000000
000000000
000000000

char 250
width 9
000000000
000001100
000011000
000110000
000000000
011000011
011000011
011000011
011000111
011001111
011011011
001110011
000000000
000000000
000000000

char 251
width 9
000011000
000111100
001100110
011000000
000000000
011000011
011000011
011000011
011000111
011001111
011011011
001110011
000000000
000000000
000000000

char 252
width 9
000000000
000000000
001100110
001100110
000000000
011000011
011000011
011000011
011000111
011001111
011011011
001110011
000000000
000000000
000000000

char 253
width 9
000000000
000001100
000011000
000110000
000000000
011000011
011000011
011000011
011000011
011000011
001100110
000111110
000001100
011011000
001110000

char 254
width 9
000000000
000000000
000000000
011000000
011000000
011011110
011110011
011000011
011000011
011000011
011000110
011111100
011000000
011000000
000000000

char 255
width 9
000000000
000000000
001100110
001100110
000000000
011000011
011000011
011000011
011000011
011000011
001100110
000111110
000001100
011011000
001110000

